[{'confidence': 0.967351496219635, 'bbox_xyxy': array([     1.6947,      65.362,      484.93,       464.1], dtype=float32), 'bbox_xyxyn': array([  0.0026479,     0.13617,     0.75771,     0.96688], dtype=float32), 'cxcy': (243.3138885498047, 264.73272705078125), 'cxcyn': (0.3801779508590698, 0.5515265146891276), 'wh': (483.2384338378906, 398.74169921875), 'whn': (0.7550600528717041, 0.8307118733723958), 'polygon_xy': array([[         55,          66],
       [         55,          77],
       [         54,          78],
       [         54,          83],
       [         53,          84],
       [         53,          88],
       [         52,          89],
       [         52,          93],
       [         51,          94],
       [         51,          99],
       [         50,         100],
       [         50,         106],
       [         49,         107],
       [         49,         112],
       [         48,         113],
       [         48,         117],
       [         47,         118],
       [         47,         123],
       [         46,         124],
       [         46,         129],
       [         45,         130],
       [         45,         136],
       [         44,         137],
       [         44,         140],
       [         43,         141],
       [         43,         147],
       [         42,         148],
       [         42,         155],
       [         41,         156],
       [         41,         162],
       [         40,         163],
       [         40,         169],
       [         39,         170],
       [         39,         175],
       [         38,         176],
       [         38,         182],
       [         37,         183],
       [         37,         188],
       [         36,         189],
       [         36,         193],
       [         35,         194],
       [         35,         199],
       [         34,         200],
       [         34,         213],
       [         33,         214],
       [         33,         224],
       [         32,         225],
       [         32,         233],
       [         31,         234],
       [         31,         244],
       [         30,         245],
       [         30,         253],
       [         29,         254],
       [         29,         260],
       [         28,         261],
       [         28,         266],
       [         27,         267],
       [         27,         273],
       [         26,         274],
       [         26,         280],
       [         25,         281],
       [         25,         286],
       [         24,         287],
       [         24,         293],
       [         23,         294],
       [         23,         302],
       [         22,         303],
       [         22,         309],
       [         21,         310],
       [         21,         314],
       [         20,         315],
       [         20,         318],
       [         19,         319],
       [         19,         323],
       [         18,         324],
       [         18,         329],
       [         17,         330],
       [         17,         342],
       [         16,         343],
       [         16,         348],
       [         15,         349],
       [         15,         354],
       [         14,         355],
       [         14,         359],
       [         13,         360],
       [         13,         366],
       [         12,         367],
       [         12,         372],
       [         11,         373],
       [         11,         378],
       [         10,         379],
       [         10,         385],
       [          9,         386],
       [          9,         390],
       [          8,         391],
       [          8,         394],
       [          7,         395],
       [          7,         400],
       [          6,         401],
       [          6,         403],
       [          5,         404],
       [          2,         404],
       [          2,         461],
       [          6,         461],
       [          7,         462],
       [         59,         462],
       [         60,         461],
       [         69,         461],
       [         70,         462],
       [         81,         462],
       [         82,         461],
       [         94,         461],
       [         95,         460],
       [        102,         460],
       [        103,         461],
       [        117,         461],
       [        118,         460],
       [        124,         460],
       [        125,         461],
       [        127,         461],
       [        128,         460],
       [        238,         460],
       [        239,         461],
       [        345,         461],
       [        346,         462],
       [        390,         462],
       [        391,         463],
       [        396,         463],
       [        397,         462],
       [        403,         462],
       [        404,         463],
       [        479,         463],
       [        480,         464],
       [        489,         464],
       [        489,         436],
       [        486,         436],
       [        485,         435],
       [        485,         432],
       [        484,         431],
       [        484,         426],
       [        483,         425],
       [        483,         420],
       [        482,         419],
       [        482,         411],
       [        481,         410],
       [        481,         402],
       [        480,         401],
       [        480,         389],
       [        479,         388],
       [        479,         382],
       [        478,         381],
       [        478,         374],
       [        477,         373],
       [        477,         367],
       [        476,         366],
       [        476,         356],
       [        475,         355],
       [        475,         344],
       [        474,         343],
       [        474,         332],
       [        473,         331],
       [        473,         318],
       [        472,         317],
       [        472,         305],
       [        471,         304],
       [        471,         295],
       [        470,         294],
       [        470,         285],
       [        469,         284],
       [        469,         274],
       [        468,         273],
       [        468,         257],
       [        467,         256],
       [        467,         241],
       [        466,         240],
       [        466,         233],
       [        465,         232],
       [        465,         219],
       [        464,         218],
       [        464,         209],
       [        463,         208],
       [        463,         203],
       [        462,         202],
       [        462,         194],
       [        461,         193],
       [        461,         185],
       [        460,         184],
       [        460,         176],
       [        459,         175],
       [        459,         168],
       [        458,         167],
       [        458,         159],
       [        457,         158],
       [        457,         149],
       [        456,         148],
       [        456,         138],
       [        455,         137],
       [        455,         130],
       [        454,         129],
       [        454,         123],
       [        453,         122],
       [        453,         113],
       [        452,         112],
       [        452,         103],
       [        451,         102],
       [        451,          95],
       [        450,          94],
       [        450,          80],
       [        449,          79],
       [        449,          71],
       [        448,          70],
       [        448,          66]], dtype=float32), 'polygon_xyn': array([[   0.085938,      0.1375],
       [   0.085938,     0.16042],
       [   0.084375,      0.1625],
       [   0.084375,     0.17292],
       [   0.082813,       0.175],
       [   0.082813,     0.18333],
       [    0.08125,     0.18542],
       [    0.08125,     0.19375],
       [   0.079687,     0.19583],
       [   0.079687,     0.20625],
       [   0.078125,     0.20833],
       [   0.078125,     0.22083],
       [   0.076563,     0.22292],
       [   0.076563,     0.23333],
       [      0.075,     0.23542],
       [      0.075,     0.24375],
       [   0.073437,     0.24583],
       [   0.073437,     0.25625],
       [   0.071875,     0.25833],
       [   0.071875,     0.26875],
       [   0.070312,     0.27083],
       [   0.070312,     0.28333],
       [    0.06875,     0.28542],
       [    0.06875,     0.29167],
       [   0.067188,     0.29375],
       [   0.067188,     0.30625],
       [   0.065625,     0.30833],
       [   0.065625,     0.32292],
       [   0.064062,       0.325],
       [   0.064062,      0.3375],
       [     0.0625,     0.33958],
       [     0.0625,     0.35208],
       [   0.060938,     0.35417],
       [   0.060938,     0.36458],
       [   0.059375,     0.36667],
       [   0.059375,     0.37917],
       [   0.057813,     0.38125],
       [   0.057813,     0.39167],
       [    0.05625,     0.39375],
       [    0.05625,     0.40208],
       [   0.054688,     0.40417],
       [   0.054688,     0.41458],
       [   0.053125,     0.41667],
       [   0.053125,     0.44375],
       [   0.051562,     0.44583],
       [   0.051562,     0.46667],
       [       0.05,     0.46875],
       [       0.05,     0.48542],
       [   0.048437,      0.4875],
       [   0.048437,     0.50833],
       [   0.046875,     0.51042],
       [   0.046875,     0.52708],
       [   0.045313,     0.52917],
       [   0.045313,     0.54167],
       [    0.04375,     0.54375],
       [    0.04375,     0.55417],
       [   0.042188,     0.55625],
       [   0.042188,     0.56875],
       [   0.040625,     0.57083],
       [   0.040625,     0.58333],
       [   0.039062,     0.58542],
       [   0.039062,     0.59583],
       [     0.0375,     0.59792],
       [     0.0375,     0.61042],
       [   0.035937,      0.6125],
       [   0.035937,     0.62917],
       [   0.034375,     0.63125],
       [   0.034375,     0.64375],
       [   0.032812,     0.64583],
       [   0.032812,     0.65417],
       [    0.03125,     0.65625],
       [    0.03125,      0.6625],
       [   0.029687,     0.66458],
       [   0.029687,     0.67292],
       [   0.028125,       0.675],
       [   0.028125,     0.68542],
       [   0.026563,      0.6875],
       [   0.026563,      0.7125],
       [      0.025,     0.71458],
       [      0.025,       0.725],
       [   0.023438,     0.72708],
       [   0.023438,      0.7375],
       [   0.021875,     0.73958],
       [   0.021875,     0.74792],
       [   0.020312,        0.75],
       [   0.020312,      0.7625],
       [    0.01875,     0.76458],
       [    0.01875,       0.775],
       [   0.017188,     0.77708],
       [   0.017188,      0.7875],
       [   0.015625,     0.78958],
       [   0.015625,     0.80208],
       [   0.014062,     0.80417],
       [   0.014062,      0.8125],
       [     0.0125,     0.81458],
       [     0.0125,     0.82083],
       [   0.010937,     0.82292],
       [   0.010937,     0.83333],
       [   0.009375,     0.83542],
       [   0.009375,     0.83958],
       [  0.0078125,     0.84167],
       [   0.003125,     0.84167],
       [   0.003125,     0.96042],
       [   0.009375,     0.96042],
       [   0.010937,      0.9625],
       [   0.092188,      0.9625],
       [    0.09375,     0.96042],
       [    0.10781,     0.96042],
       [    0.10938,      0.9625],
       [    0.12656,      0.9625],
       [    0.12812,     0.96042],
       [    0.14687,     0.96042],
       [    0.14844,     0.95833],
       [    0.15937,     0.95833],
       [    0.16094,     0.96042],
       [    0.18281,     0.96042],
       [    0.18438,     0.95833],
       [    0.19375,     0.95833],
       [    0.19531,     0.96042],
       [    0.19844,     0.96042],
       [        0.2,     0.95833],
       [    0.37187,     0.95833],
       [    0.37344,     0.96042],
       [    0.53906,     0.96042],
       [    0.54062,      0.9625],
       [    0.60938,      0.9625],
       [    0.61094,     0.96458],
       [    0.61875,     0.96458],
       [    0.62031,      0.9625],
       [    0.62969,      0.9625],
       [    0.63125,     0.96458],
       [    0.74844,     0.96458],
       [       0.75,     0.96667],
       [    0.76406,     0.96667],
       [    0.76406,     0.90833],
       [    0.75937,     0.90833],
       [    0.75781,     0.90625],
       [    0.75781,         0.9],
       [    0.75625,     0.89792],
       [    0.75625,      0.8875],
       [    0.75469,     0.88542],
       [    0.75469,       0.875],
       [    0.75313,     0.87292],
       [    0.75313,     0.85625],
       [    0.75156,     0.85417],
       [    0.75156,      0.8375],
       [       0.75,     0.83542],
       [       0.75,     0.81042],
       [    0.74844,     0.80833],
       [    0.74844,     0.79583],
       [    0.74687,     0.79375],
       [    0.74687,     0.77917],
       [    0.74531,     0.77708],
       [    0.74531,     0.76458],
       [    0.74375,      0.7625],
       [    0.74375,     0.74167],
       [    0.74219,     0.73958],
       [    0.74219,     0.71667],
       [    0.74063,     0.71458],
       [    0.74063,     0.69167],
       [    0.73906,     0.68958],
       [    0.73906,      0.6625],
       [     0.7375,     0.66042],
       [     0.7375,     0.63542],
       [    0.73594,     0.63333],
       [    0.73594,     0.61458],
       [    0.73438,      0.6125],
       [    0.73438,     0.59375],
       [    0.73281,     0.59167],
       [    0.73281,     0.57083],
       [    0.73125,     0.56875],
       [    0.73125,     0.53542],
       [    0.72969,     0.53333],
       [    0.72969,     0.50208],
       [    0.72812,         0.5],
       [    0.72812,     0.48542],
       [    0.72656,     0.48333],
       [    0.72656,     0.45625],
       [      0.725,     0.45417],
       [      0.725,     0.43542],
       [    0.72344,     0.43333],
       [    0.72344,     0.42292],
       [    0.72188,     0.42083],
       [    0.72188,     0.40417],
       [    0.72031,     0.40208],
       [    0.72031,     0.38542],
       [    0.71875,     0.38333],
       [    0.71875,     0.36667],
       [    0.71719,     0.36458],
       [    0.71719,        0.35],
       [    0.71562,     0.34792],
       [    0.71562,     0.33125],
       [    0.71406,     0.32917],
       [    0.71406,     0.31042],
       [     0.7125,     0.30833],
       [     0.7125,      0.2875],
       [    0.71094,     0.28542],
       [    0.71094,     0.27083],
       [    0.70938,     0.26875],
       [    0.70938,     0.25625],
       [    0.70781,     0.25417],
       [    0.70781,     0.23542],
       [    0.70625,     0.23333],
       [    0.70625,     0.21458],
       [    0.70469,      0.2125],
       [    0.70469,     0.19792],
       [    0.70312,     0.19583],
       [    0.70312,     0.16667],
       [    0.70156,     0.16458],
       [    0.70156,     0.14792],
       [        0.7,     0.14583],
       [        0.7,      0.1375]], dtype=float32), 'quad_xy': array([[     54.859,          66],
       [     448.48,          66],
       [     486.86,      462.58],
       [   -0.62754,      460.57]], dtype=float32), 'quad_xyn': array([[   0.085717,      0.1375],
       [    0.70076,      0.1375],
       [    0.76072,     0.96371],
       [-0.00098053,     0.95953]]), 'padded_quad_xy': array([[     49.531,          66],
       [     453.19,          66],
       [     491.71,      464.05],
       [    -6.1562,         462]], dtype=float32), 'padded_quad_xyn': array([[   0.077392,      0.1375],
       [    0.70811,      0.1375],
       [     0.7683,     0.96677],
       [  -0.009619,      0.9625]]), 'image_shape': (480, 640)}]